829
831
832
800
801
802
803
804
805
813
814
816
817
818
320
321
322
323
328
329
336
337
338
339
340
342
343
344
345
346
347
348
349
350
1
2
3
6
7
15
49
54
57
58
114
117
119
125
126
129
130
131
132
133
134
135
136
137
140
141
144
155
156
85
87
90
95
96
158
159
160
161
163
167
172
175
176
181
182
183
184
185
188
189
190
191
192
193
194
195
196
231
232
233
234
239
241
243
246
247
248
249
250
254
261
305
306
309
312
313
315
317
1001
1002
1003
1034
1004
1005
1007
1010
1011
1012
1013
1035
1036
1037
1039
1041
1042
1014
1015
1016
1017
1022
1023
1028
1033
1043
1044
1045
1050
1051
1052
1053
1061
1188
1234
1241
1243
1261
1263
7711
7712
7713
7714
7715
938
944
946
947
958
961
6311
6312
6313
6314
8039
8061
8062
952
954
956
3200
3201
3202
3203
3204
3205
3206
3207
3208
3209
3210
3211
3212
3213
3214
3215
3216
400
401
402
403
404
405
414
420
425
426
466
467
470
473
475
478
479
480
482
484
393
395
397
398
1640
1641
1642
1643
1644
1645
1646
1648
1649
1650
1651
1652
1653
1654
1655
1656
1657
1658
1659
4010
4012
4013
4045
4046
4061
